DetNum/i:Vol:Trig:Hit:UD:WD
0 4095 305 10 2024 169 
1 4095 266 10 1766 165 
2 4095 253 10 1675 151 
3 4095 274 10 1819 157 
4 4095 283 10 1877 158 
5 4095 257 10 1701 158 
6 4095 243 10 1613 160 
7 4095 290 10 1922 179 
8 4095 283 10 1873 172 
9 4095 305 10 2023 171 
10 4095 287 10 1905 164 
11 4095 299 10 1984 176 
12 4095 300 10 1987 167 
13 4095 330 10 2185 188 
14 4095 310 10 2052 183 
15 4095 304 10 2015 175 
16 4095 294 10 1950 175 
17 4095 308 10 2042 177 
18 4095 322 10 2131 173 
19 4095 368 10 2439 204 
20 4095 338 10 2238 228 
21 4095 384 10 2544 219 
22 4095 353 10 2336 186 
23 4095 397 10 2630 226 
24 4060 464 10 3076 237 
25 4095 308 10 2041 175 
26 4095 352 10 2330 224 
27 4095 355 10 2354 216 
28 4095 408 10 2701 232 
29 4095 352 10 2334 215 
30 4095 388 12 2568 254 
31 4095 415 10 2748 251 
32 4095 358 10 2371 228 
33 4095 375 11 2487 232 
34 4095 352 10 2329 207 
35 4095 321 10 2126 209 
36 4095 342 10 2265 213 
37 4095 428 12 2838 284 
38 4095 413 11 2735 256 
39 4095 395 10 2616 257 
40 4075 471 10 3118 273 
41 4095 397 15 2631 289 
42 4095 363 11 2404 244 
43 4095 379 10 2508 227 
44 4095 417 11 2764 266 
45 4055 468 11 3098 264 
46 4095 430 10 2851 265 
47 4095 344 11 2277 233 
48 4095 458 14 3031 298 
49 4095 437 11 2897 297 
50 3930 457 10 3029 269 
51 4095 427 13 2827 277 
52 4040 460 10 3049 304 
53 3975 459 10 3042 278 
54 4090 455 13 3013 305 
55 4085 470 11 3110 299 
56 3930 461 11 3054 292 
57 3960 462 14 3063 295 
58 4085 454 13 3008 290 
59 4055 463 15 3070 306 
60 3925 453 13 3003 314 
61 4095 4095 10 3500 100 
62 4095 4095 10 3500 100 
63 4095 4095 10 3500 100 
64 4095 4095 10 3500 100 
65 4095 4095 10 3500 100 
66 4095 4095 10 3500 100 
67 4095 4095 10 3500 100 
68 4095 4095 10 3500 100 
69 4095 4095 10 3500 100 
70 4095 4095 10 3500 100 
71 4095 4095 10 3500 100 
72 4095 4095 10 3500 100 
73 4095 4095 10 3500 100 
74 4095 4095 10 3500 100 
75 4095 4095 10 3500 100 
76 4095 4095 10 3500 100 
77 4095 4095 10 3500 100 
78 4095 4095 10 3500 100 
79 4000 4095 10 3500 100 
80 4095 4095 10 3500 100 
81 4095 4095 10 3500 100 
82 4095 4095 10 3500 100 
83 4095 4095 10 3500 100 
84 4095 4095 10 3500 100 
85 4095 4095 10 3500 100 
86 4095 4095 10 3500 100 
87 4095 4095 10 3500 100 
88 4095 4095 10 3500 100 
89 4095 4095 10 3500 100 
90 4095 4095 10 3500 100 
91 3200 4095 4095 3500 100 
92 3200 4095 4095 3500 100 
